0.000179032 0.000354473 0.000523023 0.000681883 0.000828856 0.000962337 0.00108126 0.00118498 0.00127322 0.00134594 0.0014033 0.00144562 0.00147332 0.00148698 0.00148727 0.00147506 0.00145141 0.0014176 0.00137519 0.00132592 0.00127168 0.00121427 0.00115517 0.00109528 0.0010348 0.000973435 0.000910734 0.000846363 0.000780223 0.000712431 0.000643245 0.000572987 0.000501978 0.000430497 0.000358768 0.000286948 0.000215134 0.000143373 7.16687e-05 
0.000361656 0.000715837 0.00105573 0.00137566 0.0016712 0.00193924 0.00217771 0.00238545 0.00256196 0.00270724 0.00282166 0.00290585 0.0029607 0.00298731 0.00298704 0.00296156 0.00291297 0.00284382 0.00275723 0.00265682 0.00254652 0.00243022 0.00231113 0.00219114 0.00207048 0.00194821 0.00182314 0.0016945 0.0015621 0.00142625 0.00128756 0.00114673 0.00100443 0.000861243 0.000717627 0.000573889 0.000430217 0.000286688 0.000143302 
0.000551754 0.00109149 0.00160842 0.0020938 0.00254106 0.0029457 0.00330489 0.00361714 0.00388192 0.0040994 0.00427023 0.00439543 0.00447633 0.00451453 0.00451201 0.00447118 0.00439508 0.00428748 0.0041531 0.00399759 0.00382736 0.00364896 0.003468 0.00328766 0.00310777 0.00292579 0.00273912 0.00254638 0.00234742 0.00214293 0.00193403 0.00172193 0.00150776 0.00129242 0.00107661 0.000860766 0.000645155 0.000429862 0.000214851 
0.000753873 0.00148993 0.00219267 0.00285006 0.00345355 0.0039976 0.00447902 0.00489631 0.00524919 0.00553821 0.00576443 0.00592932 0.00603464 0.00608248 0.00607528 0.00601608 0.00590868 0.00575793 0.00557011 0.0053531 0.00511636 0.00487027 0.00462426 0.00438372 0.00414717 0.00390804 0.00366118 0.0034045 0.00313827 0.00286401 0.00258368 0.00229922 0.00201225 0.00172408 0.00143561 0.00114741 0.000859776 0.000572755 0.000286238 
0.000973812 0.00192168 0.00282228 0.00366022 0.00442548 0.00511215 0.00571727 0.00623988 0.00668034 0.00703981 0.00731996 0.00752278 0.00765046 0.00770545 0.00769057 0.0076092 0.00746561 0.00726546 0.00701631 0.00672832 0.00641473 0.00609151 0.00577504 0.0054758 0.00518914 0.00489803 0.00459305 0.00427216 0.00393714 0.00359116 0.00323748 0.00287899 0.00251796 0.00215604 0.00179434 0.0014335 0.00107378 0.000715145 0.000357346 
0.00121969 0.00240071 0.00351454 0.00454307 0.00547601 0.00630825 0.00703802 0.00766561 0.00819247 0.00862073 0.00895284 0.00919137 0.00933895 0.0093983 0.00937235 0.00926452 0.00907912 0.00882198 0.00850134 0.00812916 0.00772271 0.00730599 0.00690861 0.00655531 0.00623556 0.00590188 0.00554084 0.00515396 0.00474699 0.00432599 0.0038961 0.00346132 0.00302455 0.00258778 0.00215221 0.00171847 0.0012867 0.000856696 0.000428001 
0.00150425 0.00294693 0.00429209 0.00552152 0.00662723 0.00760681 0.00846098 0.00919206 0.0098032 0.0102978 0.0106793 0.0109509 0.0111157 0.0111764 0.011136 0.0109974 0.0107644 0.010442 0.0100379 0.00956426 0.00904097 0.00850115 0.00799809 0.00760127 0.0072959 0.00693311 0.00651446 0.00605584 0.00557088 0.00506971 0.00455961 0.00404563 0.00353115 0.00301831 0.00250826 0.00200147 0.00149786 0.000996939 0.000497962 
0.00185038 0.00359066 0.00518535 0.00662371 0.00790457 0.00903079 0.010007 0.0108385 0.0115305 0.012088 0.0125156 0.0128173 0.0129964 0.0130558 0.0129978 0.0128248 0.012539 0.0121437 0.0116441 0.011049 0.0103757 0.00965955 0.00898133 0.00855578 0.00841367 0.00802019 0.00752804 0.00698408 0.00641097 0.00582237 0.005227 0.00463044 0.00403613 0.00344603 0.00286106 0.0022813 0.00170632 0.00113524 0.000566909 
0.0309262 0.0539858 0.072238 0.0871222 0.0994285 0.109644 0.118096 0.125012 0.130558 0.134854 0.13798 0.13999 0.140906 0.140721 0.139399 0.136866 0.133 0.127614 0.12042 0.110957 0.0984278 0.0812445 0.0556154 0.0105048 0.00978283 0.00920594 0.00859344 0.00794146 0.00726656 0.0065818 0.00589559 0.00521299 0.00453688 0.00386865 0.00320862 0.00255636 0.00191087 0.00127079 0.000634437 
0.0522439 0.0935641 0.127035 0.154575 0.177419 0.196399 0.212097 0.224933 0.235215 0.243165 0.24894 0.252635 0.254292 0.253901 0.25139 0.246618 0.239359 0.22927 0.215841 0.198309 0.175511 0.145652 0.106107 0.0542741 0.0110069 0.0104273 0.00969833 0.00892178 0.00813199 0.0073427 0.00656057 0.00578905 0.00502977 0.00428307 0.00354843 0.00282464 0.00211004 0.0014026 0.000700054 
0.0688609 0.125368 0.172138 0.211101 0.243653 0.270814 0.293338 0.311787 0.326582 0.338033 0.346358 0.351696 0.354109 0.353582 0.350021 0.343237 0.332928 0.318645 0.299744 0.275306 0.244032 0.204122 0.153263 0.0892348 0.0126843 0.0117981 0.0108508 0.00991532 0.00899692 0.00809645 0.00721492 0.00635288 0.00551006 0.00468544 0.00387737 0.00308374 0.00230204 0.0015295 0.000763185 
0.0822075 0.151286 0.209427 0.258415 0.299657 0.334247 0.363034 0.386676 0.405674 0.420408 0.431147 0.438066 0.441247 0.440679 0.436257 0.427763 0.414852 0.397021 0.373565 0.343519 0.30557 0.257919 0.197965 0.121095 0.0150558 0.0132298 0.0119915 0.0108918 0.00984392 0.00883124 0.0078498 0.0068975 0.00597216 0.00507125 0.00419189 0.0033309 0.00248487 0.0016502 0.00082318 
0.0930589 0.17252 0.240247 0.297855 0.346693 0.387864 0.422259 0.45059 0.473415 0.491161 0.504141 0.512559 0.516518 0.516017 0.51095 0.50109 0.486081 0.465404 0.438359 0.404018 0.36119 0.3084 0.243961 0.1665 0.077852 0.014074 0.0129935 0.0118165 0.0106557 0.0095348 0.00845555 0.00741515 0.00640982 0.00543551 0.00448803 0.00356311 0.00265634 0.00176326 0.000879334 
0.101885 0.189865 0.265565 0.330445 0.385777 0.432639 0.471933 0.504395 0.530619 0.551067 0.566083 0.575898 0.580635 0.580308 0.574821 0.563955 0.547361 0.524542 0.494834 0.457386 0.411154 0.354912 0.287359 0.207472 0.115535 0.0154543 0.0140923 0.0127248 0.0114277 0.0101967 0.00902243 0.00789775 0.00681648 0.00577293 0.00476163 0.00377715 0.00281412 0.00186715 0.000930899 
0.108991 0.203869 0.286082 0.356965 0.417712 0.469368 0.512823 0.548825 0.577986 0.600794 0.617615 0.628704 0.634204 0.63415 0.62846 0.616936 0.599255 0.574957 0.543433 0.503925 0.455512 0.397116 0.327471 0.244873 0.14574 0.0175596 0.0151965 0.0135626 0.0121338 0.0108017 0.00953977 0.00833694 0.0071854 0.00607812 0.00500841 0.00396977 0.00295583 0.00196034 0.000977109 
0.114588 0.214917 0.302309 0.378002 0.443124 0.498682 0.545552 0.584482 0.616096 0.640896 0.659268 0.671488 0.67772 0.678017 0.672322 0.660465 0.642157 0.616984 0.584406 0.543755 0.494237 0.434952 0.364919 0.283188 0.189369 0.0867323 0.0155714 0.0141955 0.0127431 0.0113367 0.00999797 0.00872483 0.00751006 0.00634574 0.00522412 0.00413767 0.00307909 0.00204126 0.0010172 
0.11882 0.223281 0.314617 0.393992 0.462484 0.521069 0.570608 0.611844 0.645409 0.671815 0.691466 0.704654 0.711562 0.712267 0.706739 0.694838 0.676314 0.650806 0.617841 0.576838 0.527118 0.467919 0.398446 0.317975 0.226192 0.124187 0.0165215 0.0149048 0.0133065 0.0118039 0.0103906 0.00905437 0.00778426 0.00657068 0.00540466 0.0042777 0.0031816 0.00210843 0.00105043 
0.121787 0.229151 0.323265 0.405247 0.476138 0.53689 0.588353 0.631269 0.666271 0.693883 0.71452 0.728491 0.735999 0.737144 0.731922 0.720225 0.701847 0.676475 0.643703 0.603028 0.553863 0.495547 0.427354 0.348454 0.257618 0.15168 0.0181821 0.0155959 0.013774 0.0121817 0.0107063 0.00931775 0.00800195 0.00674805 0.00554616 0.00438687 0.00326118 0.00216041 0.00107611 
0.123555 0.232651 0.328427 0.411975 0.484316 0.546388 0.599034 0.642997 0.678914 0.707317 0.728633 0.743185 0.751194 0.752783 0.747972 0.736689 0.718765 0.693938 0.661859 0.622097 0.574146 0.517438 0.451355 0.37525 0.288527 0.191111 0.0865314 0.0155227 0.0140119 0.0124427 0.0109351 0.00950837 0.00815772 0.00687342 0.00564504 0.00446244 0.00331585 0.00219592 0.00109359 
0.12416 0.23385 0.3302 0.414294 0.487148 0.549698 0.602788 0.647162 0.683463 0.712231 0.733903 0.748815 0.757205 0.759214 0.75489 0.744189 0.726979 0.703045 0.67209 0.633746 0.587576 0.533091 0.46976 0.39705 0.314508 0.222083 0.121068 0.0160102 0.0143081 0.0126422 0.0110831 0.00962289 0.00824716 0.00694287 0.00569817 0.00450198 0.00334386 0.00221383 0.00110232 
0.123612 0.232768 0.328611 0.412236 0.48467 0.546856 0.599646 0.64379 0.679937 0.708635 0.730327 0.745363 0.753992 0.756375 0.752579 0.742591 0.726311 0.703565 0.674103 0.63761 0.59371 0.541975 0.481932 0.413062 0.334756 0.246023 0.144024 0.0171334 0.0145683 0.0127346 0.0111323 0.00965292 0.00826514 0.00695274 0.00570278 0.00450347 0.00334377 0.00221323 0.00110186 
0.121897 0.229378 0.323621 0.405753 0.476825 0.537799 0.589539 0.632806 0.668253 0.696435 0.717803 0.732711 0.741421 0.744107 0.740857 0.731678 0.716504 0.695193 0.667538 0.633271 0.592068 0.543555 0.487315 0.422895 0.349813 0.267608 0.176249 0.0789108 0.0140972 0.0125957 0.0110586 0.00959134 0.00820774 0.00690016 0.00565673 0.00446535 0.00331453 0.00219346 0.0010919 
0.118977 0.223605 0.315124 0.394714 0.463463 0.522363 0.572295 0.61403 0.648227 0.675443 0.696131 0.71065 0.719269 0.72217 0.719456 0.711156 0.697226 0.677556 0.651977 0.620259 0.582125 0.537248 0.485264 0.425774 0.358375 0.282726 0.198833 0.10792 0.0141227 0.0124923 0.0109151 0.0094461 0.00807433 0.00678345 0.00555864 0.00438667 0.00325553 0.00215418 0.00107228 
0.114783 0.215318 0.302939 0.378897 0.444336 0.500282 0.547637 0.58718 0.619573 0.64537 0.665021 0.678884 0.687228 0.690241 0.688036 0.680657 0.66808 0.650222 0.626944 0.598054 0.563313 0.522436 0.475102 0.420948 0.359568 0.290468 0.212817 0.124191 0.0146463 0.0123359 0.0106632 0.00920367 0.00786003 0.00660065 0.00540771 0.00426716 0.00316675 0.00209544 0.00104306 
0.109214 0.204326 0.286798 0.357981 0.419086 0.471179 0.515179 0.551869 0.581906 0.605833 0.624091 0.637028 0.64491 0.647922 0.646184 0.639747 0.628606 0.612699 0.591913 0.566089 0.535022 0.498469 0.456145 0.407729 0.352862 0.291142 0.222153 0.145756 0.0642813 0.0115418 0.0101981 0.00884535 0.00756148 0.00635143 0.00520438 0.0041075 0.00304887 0.00201777 0.00100451 
0.102122 0.190352 0.266327 0.331524 0.387232 0.434553 0.474417 0.507598 0.534736 0.556354 0.572872 0.58462 0.591851 0.594746 0.59342 0.587932 0.578288 0.564444 0.54631 0.523754 0.496606 0.464658 0.427664 0.385346 0.337391 0.283466 0.223274 0.156778 0.0849377 0.0111324 0.00974209 0.00841814 0.00718911 0.00603921 0.00495089 0.00390961 0.00290345 0.00192228 0.000957203 
0.0932991 0.173012 0.241014 0.298937 0.348146 0.389769 0.424724 0.453757 0.477475 0.496363 0.51081 0.521118 0.527519 0.530179 0.529207 0.524664 0.51656 0.504867 0.489515 0.470398 0.447376 0.420276 0.388891 0.352981 0.31227 0.266437 0.215077 0.157522 0.0919351 0.0110165 0.00921969 0.00789602 0.00673762 0.0056654 0.00465035 0.00367661 0.00273302 0.00181071 0.000902019 
0.0824391 0.151759 0.210161 0.259443 0.30103 0.336035 0.365335 0.389617 0.409428 0.4252 0.437273 0.445911 0.451315 0.45363 0.452954 0.449342 0.442808 0.433335 0.42087 0.405332 0.386609 0.364562 0.339024 0.309798 0.276652 0.239313 0.197452 0.150674 0.0986408 0.0423425 0.00822413 0.00720863 0.00619995 0.00523441 0.00430852 0.00341346 0.00254133 0.0016855 0.00084017 
0.0690746 0.125801 0.172805 0.212026 0.244875 0.272389 0.295345 0.314331 0.329805 0.342121 0.351556 0.358323 0.362585 0.364459 0.364023 0.361326 0.356381 0.349179 0.339683 0.327833 0.313548 0.296721 0.277228 0.254916 0.229607 0.20109 0.169123 0.133459 0.0939873 0.0512448 0.00745941 0.00651442 0.00561913 0.0047638 0.00393584 0.00312738 0.00233334 0.00154979 0.000773163 
0.0524337 0.0939439 0.127609 0.155357 0.178434 0.197683 0.213704 0.226939 0.237721 0.246305 0.252888 0.257624 0.260626 0.261978 0.261738 0.259939 0.256595 0.2517 0.245232 0.237153 0.227408 0.215928 0.20263 0.18741 0.170147 0.150694 0.128868 0.104428 0.0769807 0.0455653 0.006718 0.0057705 0.00499837 0.0042658 0.00354366 0.00282688 0.00211486 0.00140715 0.000702694 
0.0310919 0.0543076 0.0727078 0.0877384 0.100198 0.110583 0.119229 0.12638 0.132214 0.136868 0.14045 0.143039 0.144698 0.145471 0.145392 0.144478 0.142739 0.140173 0.136772 0.132517 0.127381 0.121333 0.114331 0.106325 0.0972554 0.0870478 0.0756048 0.0627809 0.0483176 0.0316933 0.0119964 0.00485122 0.00433805 0.00375737 0.00314613 0.00252163 0.00189209 0.00126124 0.00063047 
0.00200177 0.00386244 0.00555181 0.00706692 0.00841276 0.00959696 0.0106279 0.0115139 0.0122632 0.0128831 0.0133806 0.0137616 0.0140318 0.0141956 0.0142572 0.0142201 0.0140871 0.0138608 0.0135436 0.0131377 0.0126454 0.0120693 0.0114129 0.0106804 0.00987776 0.0090131 0.00809785 0.00714859 0.00619087 0.00526921 0.00447918 0.00407967 0.00374522 0.00327953 0.00276184 0.00222141 0.00167063 0.00111524 0.000557948 
0.00161699 0.00315932 0.00458909 0.00589047 0.00705881 0.00809499 0.00900265 0.00978674 0.0104527 0.0110062 0.0114523 0.0117961 0.0120422 0.0121944 0.0122565 0.0122315 0.0121223 0.0119315 0.0116613 0.0113144 0.0108932 0.010401 0.00984148 0.00921966 0.00854208 0.00781759 0.00705841 0.00628173 0.00551242 0.00478758 0.00416151 0.00369208 0.00328362 0.00285367 0.00240031 0.00193153 0.00145378 0.000971157 0.00048608 
0.00130685 0.00256875 0.00375475 0.00484707 0.00583701 0.00672153 0.00750098 0.00817764 0.00875486 0.00923645 0.00962635 0.00992844 0.0101463 0.0102835 0.0103428 0.0103273 0.0102393 0.0100814 0.00985586 0.00956521 0.00921216 0.00879991 0.00833242 0.00781471 0.0072533 0.00665677 0.00603649 0.00540749 0.00478949 0.0042072 0.0036872 0.0032435 0.00284352 0.00245123 0.0020542 0.00165062 0.00124181 0.000829522 0.000415216 
0.00104167 0.00205409 0.0030141 0.00390606 0.00472063 0.00545315 0.00610209 0.00666799 0.00715262 0.00755842 0.00788822 0.00814491 0.00833134 0.00845022 0.0085041 0.00849535 0.00842622 0.00829889 0.00811553 0.00787847 0.0075903 0.0072541 0.00687358 0.00645345 0.00599963 0.00551972 0.00502329 0.00452226 0.00403085 0.00356452 0.0031366 0.00275121 0.00239574 0.00205352 0.00171464 0.00137494 0.00103332 0.000689907 0.00034526 
0.000805747 0.00159182 0.00234152 0.00304243 0.00368631 0.00426834 0.00478626 0.00523963 0.00562919 0.00595642 0.00622321 0.00643165 0.00658388 0.00668199 0.006728 0.00672384 0.00667136 0.00657242 0.0064289 0.00624283 0.00601649 0.00575259 0.00545437 0.00512587 0.00477208 0.00439918 0.00401468 0.00362742 0.00324714 0.00288343 0.00254346 0.00222899 0.00193471 0.00165248 0.00137589 0.00110119 0.000826609 0.000551528 0.000275918 
0.000589501 0.00116592 0.00171772 0.00223584 0.00271385 0.00314763 0.00353497 0.00387507 0.00416809 0.00441485 0.00461655 0.0047746 0.00489053 0.00496585 0.00500207 0.00500063 0.00496298 0.00489054 0.00478483 0.00464745 0.00448026 0.00428539 0.00406545 0.00382358 0.00356363 0.00329023 0.00300884 0.00272559 0.00244688 0.00217859 0.00192481 0.00168661 0.00146162 0.00124578 0.00103526 0.000827331 0.000620399 0.000413678 0.000206885 
0.000386342 0.000764623 0.0011276 0.00146938 0.0017856 0.00207335 0.00233094 0.00255759 0.00275326 0.00291834 0.00305352 0.00315969 0.0032378 0.00328883 0.00331379 0.00331365 0.00328937 0.00324195 0.00317241 0.0030819 0.00297169 0.00284328 0.00269845 0.00253937 0.00236862 0.00218928 0.00200486 0.00181921 0.0016362 0.00145923 0.0012906 0.001131 0.000979389 0.000833773 0.000692031 0.000552474 0.000413977 0.000275901 0.000137943 
0.000191245 0.000378636 0.000558677 0.000728472 0.000885832 0.00102925 0.00115783 0.00127111 0.00136902 0.00145172 0.00151952 0.00157284 0.00161213 0.0016379 0.00165062 0.00165079 0.0016389 0.00161546 0.00158098 0.00153605 0.00148133 0.00141758 0.00134571 0.00126682 0.00118221 0.0010934 0.00100212 0.000910202 0.000819481 0.000731522 0.000647377 0.000567385 0.000491166 0.000417889 0.00034662 0.000276557 0.000207135 0.000138006 6.89873e-05 
