0.00252382 0.00485981 0.00687226 0.00848444 0.00966434 0.010409 0.0107344 0.0106728 0.0102761 0.00962191 0.00881271 0.00794992 0.00707206 0.0061429 0.00515944 0.0041401 0.00310484 0.00206692 0.00103199 
0.00523548 0.0100432 0.0141448 0.0174011 0.019764 0.0212372 0.0218558 0.0216807 0.0208098 0.0193988 0.017679 0.0159149 0.0141954 0.0123401 0.0103548 0.00829613 0.00621233 0.00413085 0.00206103 
0.00837495 0.0159325 0.0222627 0.0272114 0.0307531 0.0329202 0.0337708 0.0333845 0.0318835 0.0294846 0.0265896 0.0238353 0.0214546 0.0186674 0.0156235 0.0124773 0.0093175 0.00618314 0.00308126 
0.0123318 0.0230493 0.0317621 0.0384286 0.043117 0.0459196 0.0469226 0.0462032 0.043855 0.0400666 0.0353596 0.0313821 0.0291203 0.0252513 0.0209944 0.0166721 0.0123973 0.00820295 0.00408089 
0.0995174 0.167041 0.21454 0.247602 0.269159 0.280753 0.282956 0.275412 0.256491 0.222121 0.162054 0.0467422 0.0383933 0.0322231 0.0264307 0.0208196 0.0153964 0.0101505 0.00503933 
0.156198 0.268558 0.349258 0.405783 0.442669 0.46248 0.466241 0.453503 0.422077 0.367378 0.281495 0.15392 0.0454874 0.0388172 0.0316858 0.0247792 0.0182184 0.0119635 0.00592591 
0.194218 0.339238 0.445655 0.521108 0.57076 0.597765 0.603532 0.587789 0.548443 0.481322 0.380132 0.238052 0.0555916 0.0458727 0.0367159 0.028393 0.0207343 0.0135591 0.00670084 
0.218939 0.386026 0.510523 0.599741 0.659009 0.691798 0.699844 0.683186 0.640094 0.566844 0.457164 0.300068 0.0692975 0.0523661 0.0409123 0.0313424 0.022767 0.0148377 0.00731838 
0.233013 0.412911 0.548175 0.645834 0.711247 0.748085 0.758371 0.742531 0.699412 0.626307 0.519118 0.373262 0.188411 0.0533819 0.0432248 0.0332975 0.0241535 0.0157065 0.00773494 
0.237706 0.421935 0.560942 0.661683 0.729574 0.768436 0.780537 0.766668 0.726229 0.657362 0.55725 0.422955 0.2538 0.0572989 0.0453077 0.0344692 0.0248431 0.0160997 0.00791495 
0.233377 0.413689 0.549484 0.647894 0.714443 0.753061 0.766187 0.754889 0.718988 0.657173 0.567073 0.445015 0.284039 0.063381 0.0462378 0.0344287 0.02465 0.0159342 0.0078252 
0.219617 0.387465 0.512919 0.603476 0.664755 0.700693 0.713775 0.705225 0.675172 0.62278 0.546363 0.443501 0.311464 0.150252 0.041834 0.0323576 0.0233942 0.0151618 0.00745166 
0.195129 0.34114 0.44876 0.525846 0.577917 0.608694 0.620507 0.614578 0.591207 0.549923 0.489605 0.408668 0.305567 0.180425 0.0392968 0.0297736 0.0214073 0.0138673 0.00681963 
0.157261 0.270711 0.352639 0.410739 0.449883 0.473168 0.482493 0.478881 0.462665 0.433609 0.390972 0.333506 0.259214 0.164087 0.0361939 0.0260326 0.0185942 0.0120805 0.00595952 
0.100704 0.169307 0.217852 0.252096 0.275214 0.289108 0.294925 0.293297 0.284471 0.268381 0.244673 0.212674 0.1712 0.118017 0.049008 0.0195689 0.0148564 0.0099011 0.0049379 
0.0137501 0.0254616 0.0348702 0.0420799 0.0472734 0.0506307 0.0523043 0.0524131 0.0510465 0.0482751 0.0441675 0.0388183 0.0323986 0.0252721 0.0183471 0.014286 0.0113615 0.00772954 0.003891 
0.00927653 0.0175725 0.02448 0.029903 0.0338805 0.0364983 0.0378498 0.0380196 0.0370818 0.0351063 0.0321734 0.0283991 0.0239769 0.0192465 0.0147872 0.0113704 0.00857394 0.0057646 0.00289654 
0.00578346 0.011072 0.0155743 0.0191717 0.0218472 0.0236324 0.024577 0.0247338 0.0241549 0.0228949 0.0210207 0.0186279 0.0158634 0.0129497 0.0101848 0.00783444 0.00579928 0.00385838 0.00193058 
0.0027853 0.00535773 0.00757361 0.00936238 0.0107042 0.0116071 0.0120919 0.0121837 0.0119091 0.0112976 0.0103867 0.00922839 0.00789898 0.00650419 0.00516806 0.00398322 0.00293039 0.00193904 0.000967405 
